0 416.75 1500.00
1 575.00 40.00
2 273.92 931.00
3 20.29 52.00
4 2799.00 40.00
5 316.82 931.00
6 1113.50 52.00
7 304.91 52.00
8 12.00 1344.00
9 119.43 1370.88
10 358.40 1500.00
11 205.86 1500.00
12 331.50 40.00
13 11.00 1500.00
14 268.86 931.00
15 149.67 1500.00
16 201.71 56.50
17 459.80 1300.50
18 451.00 521.00
19 73.03 40.00
20 192.55 1430.00
21 85.33 40.00
22 726.00 40.00
23 6.21 52.00
24 315.17 40.00
25 662.50 1500.00
26 3.00 1500.00
27 26.50 40.00
28 252.00 40.00
29 1303.00 46.00
30 497.00 40.00
31 252.40 1430.00
32 262.75 40.00
33 125.00 1426.00
34 29.00 40.00
35 3.50 52.00
36 4.00 40.00
